======================================================================
     Material        Eplasma(eV)  rho  -C   x0   x1   a   m  d0  err
======================================================================
  0.                    G4_lH2   7.031   1.546  3.2632  0.4759  1.9215 0.13483  5.6249       0   0.0212.18e-05
  1.                      G4_H   0.263   1.412  9.5835  1.8639  3.2718 0.14092  5.7273       0   0.0241.92e-05
  2.                     G4_He   0.263     1.7 11.1393  2.2017  3.6122 0.13443  5.8347       0   0.0244.18e-05
  3.                     G4_Li  13.844   1.535  3.1221  0.1304  1.6397 0.95136  2.4993    0.14   0.062   4e-05
  4.                     G4_Be  26.096   1.908  2.7847  0.0392  1.6922 0.80392  2.4339    0.14   0.0296.37e-05
  5.                      G4_B   30.17    2.32  2.8477  0.0305  1.9688 0.56224  2.4512    0.14   0.024 7.6e-05
  6.                      G4_C  28.803   2.376  2.9925 -0.0351   2.486  0.2024  3.0036     0.1   0.038 7.8e-05
  7.                      G4_N   0.695   1.984   10.54  1.7378  4.1323 0.15349  3.2125       0   0.086 8.2e-05
  8.                      G4_O   0.744   2.314 10.7004  1.7541  4.3213 0.11778  3.2913       0   0.101 9.5e-05
  9.                      G4_F   0.788    2.45 10.9653  1.8433  4.4096 0.11083  3.2962       0   0.1210.000115
 10.                     G4_Ne   0.587   2.577 11.9041  2.0735  4.6421 0.08064  3.5771       0    0.110.000137
 11.                     G4_Na  19.641   2.648  5.0526   0.288  3.1962 0.07772  3.6452    0.08   0.0980.000149
 12.                     G4_Mg  26.708   2.331  4.5297  0.1499  3.06680.081163  3.6166    0.08   0.0730.000156
 13.                     G4_Al   32.86    2.18  4.2395  0.1708  3.0127 0.08024  3.6345    0.12   0.0610.000166
 14.                     G4_Si  31.055   2.103  4.4351  0.2014  2.8715 0.14921  3.2546    0.14   0.0590.000173
 15.                      G4_P  29.743   2.056  4.5214  0.1696  2.7815  0.2361  2.9158    0.14   0.0570.000173
 16.                      G4_S  28.789   2.131  4.6659   0.158  2.7159 0.33992  2.6456    0.14   0.059 0.00018
 17.                     G4_Cl   1.092   1.734 11.1421  1.5555  4.2994 0.19849  2.9702       0   0.0410.000174
 18.                     G4_Ar   0.789   1.753  11.948  1.7635  4.4855 0.19714  2.9618       0   0.0370.000188
 19.                      G4_K   18.65    1.83  5.6423  0.3851  3.1724 0.19827  2.9233     0.1   0.035 0.00019
 20.                     G4_Ca  25.342   1.666  5.0396  0.3228  3.1191 0.15643  3.0745    0.14   0.0310.000191
 21.                     G4_Sc   34.05   1.826  4.6949   0.164  3.0593 0.15754  3.0517     0.1   0.0270.000216
 22.                     G4_Ti  41.619   1.969   4.445  0.0957  3.0386 0.15662  3.0302    0.12   0.0250.000233
 23.                      G4_V  47.861    2.07  4.2659  0.0691  3.0322 0.15436  3.0163    0.14   0.0240.000245
 24.                     G4_Cr  52.458   2.181  4.1781   0.034  3.0451 0.15419  2.9896    0.14   0.0230.000257
 25.                     G4_Mn  53.022   2.347  4.2702  0.0447  3.1074 0.14973  2.9796    0.14   0.0210.000272
 26.                     G4_Fe  55.172   2.504  4.2911 -0.0012  3.1531   0.146  2.9632    0.12   0.0210.000286
 27.                     G4_Co  58.188   2.626  4.2601 -0.0187   3.179 0.14474  2.9502    0.12   0.0190.000297
 28.                     G4_Ni  59.385   2.889  4.3115 -0.0566  3.1851 0.16496   2.843     0.1    0.020.000311
 29.                     G4_Cu   58.27   2.956   4.419 -0.0254  3.2792 0.14339  2.9044    0.08   0.0190.000322
 30.                     G4_Zn  52.132   3.142  4.6906  0.0049  3.3668 0.14714  2.8652    0.08   0.019 0.00033
 31.                     G4_Ga  46.688   2.747  4.9353  0.2267  3.5434  0.0944  3.1314    0.14   0.0190.000334
 32.                     G4_Ge  44.141   2.461  5.1411  0.3376  3.6096 0.07188  3.3306    0.14   0.025 0.00035
 33.                     G4_As  45.779   2.219   5.051  0.1767  3.5702 0.06633  3.4176       0    0.030.000347
 34.                     G4_Se  40.112   2.104   5.321  0.2258  3.6264 0.06568  3.4317     0.1   0.0240.000348
 35.                     G4_Br   1.604   1.845 11.7307  1.5262  4.9899 0.06335   3.467       0   0.0220.000343
 36.                     G4_Kr   1.114    1.77 12.5115  1.7158  5.0748 0.07446  3.4051       0   0.0250.000352
 37.                     G4_Ru  23.467   1.823  6.4776  0.5737  3.7995 0.07261  3.4177    0.14   0.0260.000363
 38.                     G4_Sr  30.244   1.707  5.9867  0.4585  3.6778 0.07165  3.4435    0.14   0.0260.000366
 39.                      G4_Y  40.346   1.649  5.4801  0.3608  3.5542 0.07138  3.4565    0.14   0.0270.000379
 40.                     G4_Zr  48.671   1.638  5.1774  0.2957   3.489 0.07177  3.4533    0.14   0.0280.000393
 41.                     G4_Nb  56.039   1.734  5.0141  0.1785  3.2201 0.13883   3.093    0.14   0.0360.000417
 42.                     G4_Mo  60.951   1.658  4.8793  0.2267  3.2784 0.10525  3.2549    0.14    0.030.000424
 43.                     G4_Tc   64.76   1.727  4.7769  0.0949  3.1253 0.16572  2.9738    0.14    0.040.000428
 44.                     G4_Ru  66.978    1.78  4.7694  0.0599  3.0834 0.19342  2.8707    0.14   0.0460.000441
 45.                     G4_Rh  67.128   1.804  4.8008  0.0576  3.1069 0.19205  2.8633    0.14   0.0460.000449
 46.                     G4_Pd  65.683   1.911  4.9358  0.0563  3.0555 0.24178  2.7239    0.14   0.047 0.00047
 47.                     G4_Ag  61.635   1.933   5.063  0.0657  3.1074 0.24585  2.6899    0.14   0.052 0.00047
 48.                     G4_Cd  55.381   1.895  5.2727  0.1281  3.1667 0.24609  2.6772    0.14   0.0510.000469
 49.                     G4_In  50.896   1.851  5.5211  0.2406  3.2032 0.23879  2.7144    0.14   0.0440.000488
 50.                     G4_Sn  50.567   1.732   5.534  0.2879  3.2959 0.18689  2.8576    0.14   0.0370.000488
 51.                     G4_Sb  48.242   1.645  5.6241  0.3189  3.3489 0.16652  2.9319    0.14   0.0340.000487
 52.                     G4_Te  45.952   1.577  5.7131  0.3296  3.4418 0.13815  3.0354    0.14   0.0330.000485
 53.                      G4_I  41.348   1.498  5.9488  0.0549  3.2596 0.23766  2.7276       0   0.0450.000491
 54.                     G4_Xe   1.369   1.435 12.7281   1.563  4.7371 0.23314  2.7414       0   0.0430.000482
 55.                     G4_Cs   25.37   1.462  6.9135  0.5473  3.5914 0.18233  2.8866    0.14   0.0350.000488
 56.                     G4_Ba  34.425    1.41  6.3153   0.419  3.4547 0.18268  2.8906    0.14   0.0350.000491
 57.                     G4_La  45.792   1.392   5.785  0.3161  3.3293 0.18591  2.8828    0.14   0.0360.000501
 58.                     G4_Ce  47.834   1.461  5.7837  0.2713  3.3432 0.18885  2.8592    0.14    0.040.000523
 59.                     G4_Pr  48.301    1.52  5.8096  0.2333  3.2773 0.23265  2.7331    0.14   0.0410.000535
 60.                     G4_Ne  48.819   1.588   5.829  0.1984  3.3063  0.2353   2.705    0.14   0.0440.000546
 61.                     G4_Pr  50.236   1.672  5.8224  0.1627  3.3199  0.2428  2.6674    0.14   0.048 0.00056
 62.                     G4_Sa   50.54   1.749  5.8597   0.152   3.346 0.24698  2.6403    0.14   0.0530.000574
 63.                     G4_Eu  42.484   1.838  6.2278  0.1888  3.4633 0.24448  2.6245    0.14    0.06 0.00058
 64.                     G4_Gd  51.672   1.882  5.8738  0.1058  3.3932 0.25109  2.5977    0.14   0.0610.000591
 65.                     G4_Tb  52.865   1.993  5.9045  0.0947  3.4224 0.24453  2.6056    0.14   0.0630.000614
 66.                     G4_Dy  53.698   2.081  5.9183  0.0822  3.4474 0.24665  2.5849    0.14   0.0610.000628
 67.                     G4_Ho  54.467   2.197  5.9587  0.0761  3.4782 0.24638  2.5726    0.14   0.062 0.00065
 68.                     G4_Er  55.322    2.26  5.9521  0.0648  3.4922 0.24823  2.5573    0.14   0.0610.000658
 69.                     G4_Tm  56.225   2.333  5.9677  0.0812  3.5085 0.24189  2.5469    0.14   0.0620.000674
 70.                     G4_Yb  47.546   2.505  6.3325  0.1199  3.6246 0.25295  2.5141    0.14   0.0710.000684
 71.                     G4_Lu  57.581   2.348  5.9785   0.156  3.5218 0.24033  2.5643    0.14   0.0540.000694
 72.                     G4_Hf   66.77   2.174  5.7139  0.1965  3.4337 0.22918  2.6155    0.14   0.0350.000705
 73.                     G4_Ta  74.692    2.07  5.5262  0.2117  3.4805 0.17798  2.7623    0.14    0.030.000718
 74.                      G4_W  80.315   1.997  5.4059  0.2167   3.496 0.15509  2.8447    0.14   0.0270.000727
 75.                     G4_Re  83.846   1.976  5.3445  0.0559  3.4845 0.15184  2.8627    0.08   0.0260.000736
 76.                     G4_Os  86.537   1.947  5.3083  0.0891  3.5414 0.12751  2.9608     0.1   0.0230.000746
 77.                     G4_Ir  86.357   1.927  5.3418  0.0819   3.548  0.1269  2.9658     0.1   0.0230.000757
 78.                     G4_Pt  84.389   1.965  5.4732  0.1484  3.6212 0.11128  3.0417    0.12   0.021 0.00079
 79.                     G4_Au  80.215   1.926  5.5747  0.2021  3.6979 0.09756  3.1101    0.14    0.02 0.00079
 80.                     G4_Hg  66.977   1.904  5.9605  0.2756  3.7275 0.11014  3.0519    0.14   0.021  0.0008
 81.                     G4_Tl  62.104   1.814  6.1365  0.3491  3.8044 0.09455   3.145    0.14   0.019 0.00081
 82.                     G4_Pb  61.072   1.755  6.2018  0.3776  3.8073 0.09359  3.1608    0.14   0.0190.000823
 83.                     G4_Bi  56.696   1.684  6.3505  0.4152  3.8248  0.0941  3.1671    0.14    0.020.000823
 84.                     G4_Po  55.773   1.637  6.4003  0.4267  3.8293 0.09282   3.183    0.14    0.02 0.00083
 85.                     G4_Rn   1.708   1.458 13.2839  1.5368  4.9889 0.20798  2.7409       0   0.0570.000794
 86.                     G4_Ra  40.205   1.403  7.0452  0.5991  3.9428 0.08804  3.2454    0.14   0.0220.000826
 87.                     G4_Ac  57.254    1.38  6.3742  0.4559  3.7966 0.08567  3.2683    0.14   0.0230.000841
 88.                     G4_Th  61.438   1.363  6.2473  0.4202  3.7681 0.08655   3.261    0.14   0.0250.000847
 89.                     G4_Pa  70.901    1.42  6.0327  0.3144  3.5079  0.1477  2.9845    0.14   0.0360.000878
 90.                      G4_U  77.986   1.447  5.8694   0.226  3.3721 0.19677  2.8171    0.14   0.043 0.00089
 91.                     G4_Np  81.221   1.468  5.8149  0.1869   3.369 0.19741  2.8082    0.14   0.0430.000902
 92.                     G4_Pu  80.486   1.519  5.8748  0.1557  3.3981 0.20419  2.7679    0.14   0.0570.000921
 93.                     G4_Am  66.607   1.552  6.2813  0.2274  3.5021 0.20308  2.7615    0.14   0.0560.000934
 94.                     G4_Cm  66.022   1.559  6.3097  0.2484   3.516 0.20257  2.7579    0.14   0.0560.000939
 95.                     G4_Bk  67.557   1.574  6.2912  0.2378  3.5186 0.20192   2.756    0.14   0.0620.000952
 96.           G4_A-150_TISSUE  22.667    1.95    3.11  0.1329  2.6234 0.10783  3.4442       0   0.0486.51e-05
 97.                G4_ACETONE   19.01   1.976  3.4341  0.2197  2.6928   0.111  3.4047       0   0.0696.42e-05
 98.              G4_ACETYLENE     0.7   1.784  9.8419  1.6017  4.0074 0.12167  3.4277       0    0.085.82e-05
 99.                G4_ADENINE  24.098   1.892  3.1724  0.1295  2.4219 0.20908  3.0271       0   0.0527.14e-05
100.    G4_ADIPOSE_TISSUE_ICRP  20.655   1.987  3.2367  0.1827   2.653 0.10278  3.4817       0    0.066.32e-05
101.                    G4_AIR   0.707   2.054 10.5961  1.7418  4.2759 0.10914  3.3994       0    0.098.57e-05
102.                G4_ALANINE  25.204   2.074  3.0965  0.1354  2.6336 0.11484  3.3526       0   0.0567.19e-05
103.         G4_ALUMINIM_OXIDE  40.206   2.394  3.5682  0.0402  2.8665   0.085  3.5458       0   0.0310.0001452
104.                  G4_AMBER   22.45   1.946  3.0701  0.1335   2.561 0.11934  3.4098       0   0.0536.32e-05
105.                G4_AMMONIA   0.635   1.814  9.8763  1.6822  4.1158 0.08315  3.6464       0   0.1025.37e-05
106.                G4_ANILINE  21.361   1.938  3.2622  0.1618  2.5805 0.13134  3.3434       0   0.0526.62e-05
107.             G4_ANTHRACENE  23.704   1.954  3.1514  0.1146  2.5213 0.14677  3.2831       0   0.0426.95e-05
108.             G4_B-100_BONE  25.199   2.013  3.4528  0.1252   3.042 0.05268  3.7365       0   0.0438.59e-05
109.               G4_BAKELITE  23.408   2.046  3.2582  0.1471  2.6055 0.12713   3.347       0   0.0527.24e-05
110.        G4_BARIUM_FLUORIDE  41.398   1.727  5.4122 -0.0098  3.3871 0.15991  2.8867       0   0.0340.0003759
111.         G4_BARIUM_SULFATE  40.805   1.893  4.8923 -0.0128  3.4069 0.11747  3.0427       0    0.030.0002857
112.                G4_BENZENE  19.806   1.873  3.3269   0.171  2.5091 0.16519  3.2174       0   0.0526.34e-05
113.        G4_BERYLLIUM_OXIDE  34.629   2.296  2.9801  0.0241  2.5846 0.10755  3.4927       0   0.0319.32e-05
114.                    G4_BGO  49.904   2.121  5.7409  0.0456  3.7816 0.09569  3.0781       0   0.0230.0005341
115.             G4_BLOOD_ICRP  22.001   2.184  3.4581  0.2239  2.8017 0.08492  3.5406       0   0.0887.52e-05
116.      G4_BONE_COMPACT_ICRU  28.536   2.091   3.339  0.0944  3.0201 0.05822  3.6419       0   0.0429.19e-05
117.     G4_BONE_CORTICAL_ICRP  28.298   2.118  3.6488  0.1161  3.0919 0.06198  3.5919       0    0.040.0001064
118.          G4_BORON_CARBIDE   31.38    2.14  2.9859  0.0093  2.1006 0.37087  2.8076       0   0.0228.47e-05
119.            G4_BORON_OXIDE  27.107   2.446  3.6027  0.1843  2.7379 0.11548  3.3832       0   0.0539.96e-05
120.             G4_BRAIN_ICRP  21.772   2.162  3.4279  0.2206  2.8021 0.08255  3.5585       0   0.0867.33e-05
121.                 G4_BUTANE   1.101   1.727  8.5633  1.3788  3.7524 0.10852  3.4184       0     0.14.83e-05
122.        G4_N-BUTYL_ALCOHOL   19.52   1.942  3.2425  0.1937  2.6439 0.10081  3.5139       0   0.0655.99e-05
123.                  G4_C-552  27.023   2.128  3.3338   0.151  2.7083 0.10492  3.4344       0   0.0538.68e-05
124.      G4_CADMIUM_TELLURIDE  46.314   1.935  5.9096  0.0438  3.2836  0.2484  2.6665       0   0.0570.0005393
125.      G4_CADMIUM_TUNGSTATE  52.954   2.289  5.3594  0.0123  3.5941 0.12861   2.915       0   0.0270.0004683
126.      G4_CALCIUM_CARBONATE   34.08   2.141  3.7738  0.0492  3.0549 0.08301   3.412       0   0.0370.0001364
127.       G4_CALCIUM_FLUORIDE  35.849   2.127  4.0653  0.0676  3.1683 0.06942  3.5263       0   0.0440.000166
128.          G4_CALCIUM_OXIDE  36.988   1.973  4.1209 -0.0172  3.0171 0.12128  3.1936       0   0.0240.0001761
129.        G4_CALCIUM_SULFATE  35.038   2.179  3.9388  0.0587  3.1229 0.07708  3.4495       0   0.0210.0001523
130.      G4_CALCIUM_TUNGSTATE  46.934   2.262  5.2603  0.0323  3.8932  0.0621  3.2649       0   0.0210.000395
131.         G4_CARBON_DIOXIDE   0.874   2.118 10.1537  1.6294  4.1825 0.11768  3.3227       0   0.091 8.5e-05
132.   G4_CARBON_TETRACHLORIDE  25.234   1.742  4.7712  0.1773  2.9165 0.19018  3.0116       0   0.0410.0001663
133.   G4_CELLULOSE_CELLOPHANE  25.008    2.17  3.2647   0.158  2.6778 0.11151   3.381       0    0.067.76e-05
134.     G4_CELLULOSE_BUTYRATE  23.041   2.128  3.3497  0.1794  2.6809 0.11444  3.3738       0   0.0567.46e-05
135.      G4_CELLULOSE_NITRATE  25.224   2.252  3.4762  0.1897  2.7253 0.11813  3.3237       0   0.063 8.7e-05
136.          G4_CERIC_SULFATE  21.743   2.205  3.5212  0.2363  2.8769 0.07666  3.5607       0   0.0957.67e-05
137.        G4_CESIUM_FLUORIDE  37.942   1.714  5.9046  0.0084  3.3374 0.22052   2.728       0   0.0440.0004407
138.          G4_CESIUM_IODIDE  39.455   1.672  6.2807  0.0395  3.3353 0.25381  2.6657       0   0.0670.0005531
139.          G4_CHLOROBENZENE  21.752   1.889  3.8201  0.1714  2.9272 0.09856  3.3797       0   0.0318.91e-05
140.             G4_CHLOROFORM  24.462   1.734  4.7055  0.1786  2.9581 0.16959  3.0627       0   0.0380.000156
141.               G4_CONCRETE  30.986   2.322  3.9464  0.1301  3.0466 0.07515  3.5467       0   0.0240.0001352
142.            G4_CYCLOHEXANE  19.207   1.861  3.1544  0.1728  2.5549 0.12035  3.4278       0   0.0575.64e-05
143.    G4_1,2-DICHLOROBENZENE  23.354   1.862  4.0348  0.1587  2.8276  0.1601  3.0836       0   0.0290.0001065
144.  G4_DICHLORODIETHYL_ETHER  22.894   1.903  4.0135  0.1773  3.1586 0.06799   3.525       0   0.0260.0001033
145.     G4_1,2-DICHLOROETHANE  22.764   1.618  4.1849  0.1375  2.9529 0.13383  3.1675       0    0.030.0001119
146.          G4_DIETHYL_ETHER  18.326   1.951  3.3721  0.2231  2.6745  0.1055  3.4586       0    0.07   6e-05
147. G4_N,N-DIMETHYL_FORMAMIDE  20.763   2.005  3.3311  0.1977  2.6686  0.1147   3.371       0   0.0656.66e-05
148.     G4_DIMETHYL_SULFOXIDE  22.173   2.075  3.9844  0.2021  3.1263 0.06619  3.5708       0    0.039.86e-05
149.                 G4_ETHANE   0.789    1.69  9.1043  1.5107  3.8743 0.09627  3.6095       0   0.0974.54e-05
150.          G4_ETHYL_ALCOHOL  19.232   2.013  3.3699  0.2218  2.7052 0.09878  3.4834       0   0.0716.29e-05
151.        G4_ETHYL_CELLULOSE  22.594   2.065  3.2415  0.1683  2.6527 0.11077  3.4098       0   0.0576.93e-05
152.               G4_ETHYLENE   0.746   1.733   9.438  1.5528  3.9327 0.10636  3.5387       0   0.0855.07e-05
153.          G4_EYE_LENS_ICRP  22.388   2.154   3.372   0.207  2.7446  0.0969   3.455       0   0.0777.33e-05
154.           G4_FERRIC_OXIDE  45.331   2.747  4.2245 -0.0074  3.2573 0.10478  3.1313       0   0.0260.0002273
155.            G4_FERROBORIDE  52.546   2.726  4.2057 -0.0988  3.1749 0.12911   3.024       0   0.0220.000261
156.          G4_FERROUS_OXIDE  47.327   2.769  4.3175 -0.0279  3.2002 0.12959  3.0168       0   0.0220.0002486
157.        G4_FERROUS_SULFATE   21.69   2.208  3.5183  0.2378  2.8254 0.08759  3.4923       0   0.0967.64e-05
158.               G4_FREON-12  21.121   1.974  4.8251  0.3035  3.2659 0.07978  3.4626       0   0.0250.000143
159.             G4_FREON-12B2  25.877   2.195  5.7976  0.3406  3.7956 0.05144  3.5565       0   0.0210.0002849
160.               G4_FREON-13  19.432   2.116  4.7483  0.3659  3.2337 0.07238  3.5551       0    0.050.0001266
161.             G4_FREON-13B1  23.849   2.233  5.3555  0.3522  3.7554 0.03925  3.7194       0   0.0360.0002105
162.             G4_FREON-13I1  25.615   1.924  5.8774  0.2847   3.728 0.09112  3.1658       0   0.0250.0002935
163.  G4_GADOLINIUM_OXYSULFIDE  51.099   2.179  5.5347 -0.1774  3.4045 0.22161    2.63       0   0.0560.0004933
164.       G4_GALLIUM_ARSENIDE   44.17   2.652  5.3299  0.1764   3.642 0.07152  3.3356       0   0.0270.0003849
165.     G4_GEL_PHOTO_EMULSION  24.058   2.156  3.2687  0.1709  2.7058 0.10102  3.4418       0    0.067.48e-05
166.            G4_Pyrex_Glass  30.339   2.369  3.9708  0.1479  2.9933  0.0827  3.5224       0   0.0220.000134
167.             G4_GLASS_LEAD  46.631   2.085  5.8476  0.0614  3.8146 0.09544   3.074       0   0.0250.0005264
168.            G4_GLASS_PLATE  31.481   2.329  4.0602  0.1237  3.0649 0.07678  3.5381       0   0.0250.0001454
169.                G4_GLUCOSE  26.153   2.174  3.1649  0.1411    2.67 0.10783  3.3946       0   0.0617.72e-05
170.              G4_GLUTAMINE  25.437   2.077  3.1167  0.1347  2.6301 0.11931  3.3254       0   0.0557.33e-05
171.               G4_GLYCEROL  23.846    2.12  3.2267  0.1653  2.6862 0.10168  3.4481       0   0.0677.26e-05
172.                G4_GUANINE  26.022    1.97  3.1171  0.1163  2.4296  0.2053  3.0186       0   0.069 7.5e-05
173.                 G4_GYPSUM  31.379   2.187  3.8382  0.0995  3.1206 0.06949  3.5134       0   0.0380.0001297
174.              G4_N-HEPTANE  18.128   1.848  3.1978  0.1928  2.5706 0.11255  3.4885       0   0.0595.44e-05
175.               G4_N-HEXANE  17.836   1.843  3.2156  0.1984  2.5757 0.11085  3.5027       0   0.061 5.4e-05
176.                 G4_KAPTON  24.586   2.109  3.3497  0.1509  2.5631 0.15972  3.1921       0    0.057.96e-05
177.   G4_LANTHANUM_OXYBROMIDE  47.125   1.831  5.4666  -0.035  3.3288  0.1783  2.8457       0    0.040.0004397
178.   G4_LANTHANUM_OXYSULFIDE  45.394   1.681  5.6151 -0.0934  3.2741 0.22579  2.7075       0   0.0650.0004562
179.             G4_LEAD_OXIDE  56.488   2.012  6.2162  0.0356  3.5456 0.19645  2.7299       0   0.0390.0007667
180.          G4_LITHIUM_AMIDE  22.609    1.74  2.7961  0.0198  2.5152  0.0874  3.7534       0    0.055.55e-05
181.      G4_LITHIUM_CARBONATE  29.217   2.246  3.2029  0.0551  2.6598 0.09936  3.5417       0   0.0628.79e-05
182.       G4_LITHIUM_FLUORIDE  31.815   2.197  3.1667  0.0171  2.7049 0.07593  3.7478       0   0.084 9.4e-05
183.        G4_LITHIUM_HYDRIDE   18.51   1.482   2.358 -0.0988  1.4515 0.90567  2.5849       0   0.0353.65e-05
184.         G4_LITHIUM_IODIDE  34.841   1.706  6.2671  0.0892  3.3702 0.23274  2.7146       0   0.0430.0004851
185.          G4_LITHIUM_OXIDE  27.984   2.039   2.934 -0.0511  2.5874 0.08035  3.7878       0   0.0437.36e-05
186.    G4_LITHIUM_TETRABORATE  31.343    2.36  3.2093  0.0737  2.6502 0.11075  3.4389       0   0.0489.46e-05
187.              G4_LUNG_ICRP  21.891   2.184  3.4708  0.2261  2.8001 0.08588  3.5353       0   0.0897.53e-05
188.                 G4_M3_WAX      22   1.975   3.254  0.1523  2.7529 0.07864  3.6412       0   0.0446.79e-05
189.    G4_MAGNESIUM_CARBONATE  34.979   2.388  3.4319   0.086  2.7997 0.09219  3.5003       0   0.0450.000118
190.     G4_MAGNESIUM_FLUORIDE  34.634    2.33  3.7105  0.1369   2.863 0.07934  3.6485       0   0.0850.0001343
191.        G4_MAGNESIUM_OXIDE  38.407   2.412  3.6404  0.0575   2.858 0.08313  3.5968       0   0.0550.0001438
192.  G4_MAGNESIUM_TETRABORATE  32.089    2.43  3.4328  0.1147  2.7635 0.09703  3.4893       0   0.0440.0001083
193.        G4_MERCURIC_IODIDE  46.494   1.892  6.3787   0.104  3.4728 0.21513  2.7264       0   0.0470.0006845
194.                G4_METHANE   0.588   1.662  9.5243  1.6263  3.9716 0.09253  3.6257       0   0.1124.17e-05
195.               G4_METHANOL  19.214   2.125   3.516  0.2529  2.7639  0.0897  3.5477       0    0.086.76e-05
196.              G4_MIX_D_WAX  21.547   1.905   3.078  0.1371  2.7145  0.0749  3.6823       0   0.0476.09e-05
197.            G4_MS20_TISSUE  21.153    2.07  3.5241  0.1997  2.8033 0.08294  3.6061       0   0.0537.51e-05
198.   G4_MUSCLE_SCELETAL_ICRP  21.781   2.185  3.4809  0.2282  2.7999 0.08636   3.533       0   0.0897.53e-05
199.   G4_MUSCLE_STRIATED_ICRU  21.795   2.174  3.4636  0.2249  2.8032 0.08507  3.5383       0   0.0867.47e-05
200.    G4_MUSCLE_WITH_SUCROSE   22.48   2.169   3.391  0.2098   2.755 0.09481  3.4699       0    0.087.43e-05
201. G4_MUSCLE_WITHOUT_SUCROSE  22.109   2.173  3.4216  0.2187   2.768 0.09143  3.4982       0   0.0567.42e-05
202.             G4_NAPHTALENE  22.459   1.956  3.2274  0.1374  2.5429 0.14766  3.2654       0   0.0516.84e-05
203.           G4_NITROBENZENE  22.747   2.065  3.4073  0.1777   2.663 0.12727  3.3091       0   0.0517.58e-05
204.          G4_NITROUS_OXIDE   0.872   2.059 10.1575  1.6477  4.1565 0.11992  3.3318       0   0.0868.49e-05
205.             G4_NYLON-8062  22.221   1.967   3.125  0.1503  2.6004 0.11513  3.4044       0   0.0546.43e-05
206.              G4_NYLON-6-6  22.774   1.931  3.0634  0.1336  2.5834 0.11818  3.3826       0   0.0516.39e-05
207.             G4_NYLON-6-10  22.866   1.942  3.0333  0.1304  2.5681 0.11852  3.3912       0    0.056.32e-05
208.        G4_NYLON-11_RILSAN  25.661   1.902  2.7514  0.0678  2.4281 0.14868  3.2576       0   0.0446.16e-05
209.                 G4_OCTANE   18.36   1.851  3.1834  0.1882  2.5664 0.11387  3.4776       0   0.0575.47e-05
210.               G4_PARAFFIN  21.031   1.844  2.9551  0.1289  2.5084 0.12087  3.4288       0   0.0525.59e-05
211.              G4_N-PENTANE  17.398   1.842  3.2504  0.2086  2.5855 0.10809  3.5265       0   0.0645.36e-05
212.         G4_PHOTO_EMULSION  37.946   2.264  5.3319  0.1009  3.4866 0.12399  3.0094       0   0.0280.000331
213. G4_PLASTIC_SC_VINYLTOLUENE   21.54   1.929  3.1997  0.1464  2.4855 0.16101  3.2393       0    0.056.47e-05
214.      G4_PLUTONIUM_DIOXIDE  62.143   1.846  5.9719 -0.2311  3.5554 0.20594  2.6522       0   0.1110.0007465
215.      G4_POLYACRYLONITRILE  22.642   1.955  3.2459  0.1504  2.5159 0.16275  3.1975       0    0.056.96e-05
216.          G4_POLYCARBONATE  22.915    2.06  3.3201  0.1606  2.6225  0.1286  3.3288       0   0.0497.31e-05
217.      G4_POLYCHLOROSTYRENE   23.81   1.902  3.4659  0.1238  2.9241  0.0753  3.5441       0   0.0298.17e-05
218.           G4_POLYETHYLENE  21.099   1.882  3.0016   0.137  2.5177 0.12108  3.4292       0   0.0515.74e-05
219.                  G4_MYLAR  24.595   2.144  3.3262  0.1562  2.6507 0.12679  3.3076       0   0.0527.87e-05
220.                 G4_LUCITE  23.086   2.173  3.3297  0.1824  2.6681 0.11433  3.3836       0   0.056 7.4e-05
221.       G4_POLYOXOMETHYLENE   25.11   2.175  3.2514  0.1584  2.6838 0.10808  3.4002       0   0.0637.74e-05
222.          G4_POLYPROPYLENE  20.457   1.884  3.1252  0.1534  2.4822 0.15045  3.2855       0   0.0555.92e-05
223.            G4_POLYSTYRENE  21.754   2.027  3.2999  0.1647  2.5031 0.16454  3.2224       0   0.0516.87e-05
224.                 G4_TEFLON  29.609   2.142  3.4161  0.1648  2.7404 0.10606  3.4046       0   0.0739.91e-05
225. G4_POLYTRIFLUOROCHLOROETHYLENE  28.955   2.094  3.8551  0.1714  3.0265 0.07727  3.5085       0   0.0350.0001207
226.      G4_POLYVINYL_ACETATE  22.978   2.116  3.3309  0.1769  2.6747 0.11442  3.3762       0   0.0557.37e-05
227.      G4_PLOYVINYL_ALCOHOL  24.251   2.071  3.1115  0.1401  2.6315 0.11178  3.3893       0   0.0566.97e-05
228.      G4_POLYVINYL_BUTYRAL  22.521   2.021  3.1865  0.1555  2.6186 0.11544  3.3983       0   0.0546.72e-05
229.     G4_POLYVINYL_CHLORIDE   23.51    1.84  4.0532  0.1559  2.9415 0.12438  3.2104       0   0.0270.0001082
230. G4_POLYVINYLIDENE_CHLORIDE  26.437   1.814  4.2506  0.1314  2.9009 0.15466   3.102       0   0.0340.0001343
231. G4_POLYVINYLIDENE_FLUORIDE  27.024    2.16  3.3793  0.1717  2.7375 0.10316    3.42       0   0.0678.88e-05
232.  G4_POLYVINYL_PYRROLIDONE  23.671   1.989  3.1017  0.1324  2.5867 0.12504  3.3326       0   0.0316.77e-05
233.       G4_POTASSIUM_IODIDE  33.575   1.784  6.1088  0.1044  3.3442 0.22053  2.7558       0   0.0420.0004319
234.        G4_POTASSIUM_OXIDE  30.672   2.065  4.6463   0.048   3.011 0.16789  3.0121       0   0.0270.0001899
235.                G4_PROPANE   0.959   1.708  8.7878  1.4326  3.7998 0.09916   3.592       0   0.0934.71e-05
236.               G4_lPROPANE  14.509   1.844  3.5529  0.2861  2.6568 0.10329   3.562       0   0.068 5.2e-05
237.          N-PROPYL_ALCOHOL  19.429   1.972  3.2915  0.2046  2.6681 0.09644  3.5415       0    0.076.11e-05
238.               G4_PYRIDINE  20.807   1.895  3.3148   0.167  2.5245 0.16399  3.1977       0   0.0516.62e-05
239.           G4_RUBBER_BUTYL  20.873   1.852  2.9915  0.1347  2.5154 0.12108  3.4296       0   0.0515.65e-05
240.         G4_RUBBER_NATURAL  20.644   1.889  3.1272  0.1512  2.4815 0.15058  3.2879       0   0.0535.98e-05
241.        G4_RUBBER_NEOPRENE  23.036   1.874  3.7911  0.1501  2.9461 0.09763  3.3632       0   0.026 9.3e-05
242.        G4_SILICON_DIOXIDE  31.014   2.335  4.0029  0.1385  3.0025 0.08408  3.5064       0   0.0180.0001392
243.         G4_SILVER_BROMIDE  48.448   2.271  5.6139  0.0352  3.2109 0.24582   2.682       0   0.0430.0004866
244.        G4_SILVER_CHLORIDE  45.405   2.096  5.3437 -0.0139  3.2022 0.22968  2.7041       0   0.0620.0003984
245.         G4_SILVER_HALIDES  48.433    2.27  5.6166  0.0353  3.2117 0.24593  2.6814       0   0.0430.0004871
246.          G4_SILVER_IODIDE  46.105   1.945  5.9342  0.0148  3.2908 0.25059  2.6572       0   0.0710.0005435
247.              G4_SKIN_ICRP    22.4    2.14  3.3546  0.2019  2.7526 0.09459  3.4643       0   0.0767.27e-05
248.       G4_SODIUM_CARBONATE  32.117   2.557  3.7178  0.1287  2.8591 0.08715  3.5638       0   0.0740.000125
249.          G4_SODIUM_IODIDE  36.057   1.857  6.0572  0.1203   3.592 0.12516  3.0398       0   0.0310.000452
250.        G4_SODIUM_MONOXIDE  30.205   2.689  4.1892  0.1652  2.9793 0.07501  3.6943       0   0.0970.0001488
251.         G4_SODIUM_NITRATE  30.459   2.456  3.6502  0.1534  2.8221 0.09391  3.5097       0   0.0810.0001146
252.               G4_STILBENE  20.719   1.963   3.368  0.1734  2.5142 0.16659  3.2168       0   0.0526.77e-05
253.                G4_SUCROSE  26.416   2.167  3.1526  0.1341  2.6558 0.11301   3.363       0   0.0577.75e-05
254.              G4_TERPHENYL  23.116   1.976  3.2639  0.1322  2.5429 0.14964  3.2685       0   0.0437.17e-05
255.            G4_TESTES_ICRP  21.815   2.185  3.4698  0.2274  2.7988 0.08533  3.5428       0   0.091 7.5e-05
256.    G4_TETRACHLOROETHYLENE  25.513    1.79  4.6619  0.1713  2.9083 0.18595  3.0156       0   0.0380.0001592
257.       G4_THALIUM_CHLORIDE  48.749   1.997  6.3009  0.0705  3.5716 0.18599   2.769       0    0.040.0006903
258.       G4_TISSUE_SOFT_ICRP  21.394   2.144  3.4354  0.2211  2.7799 0.08926   3.511       0   0.0777.23e-05
259.     G4_TISSUE_SOFT_ICRU-4  21.366   2.192  3.5087  0.2377  2.7908 0.09629  3.4371       0   0.0927.49e-05
260.         G4_TISSUE-METHANE   0.697    1.89    9.95  1.6442  4.1399 0.09946  3.4708       0   0.0986.12e-05
261.         G4_TISSUE-PROPANE   0.913   1.856  9.3529  1.5139  3.9916 0.09802  3.5159       0   0.0925.95e-05
262.       G4_TITANIUM_DIOXIDE  41.022   2.307  3.9522 -0.0119  3.1647 0.08569  3.3267       0   0.0270.0001795
263.                G4_TOLUENE  19.764    1.88  3.3026  0.1722  2.5728 0.13284  3.3558       0   0.0526.25e-05
264.      G4_TRICHLOROETHYLENE  24.301   1.789  4.6148  0.1803   2.914 0.18272  3.0137       0   0.0360.0001481
265.     G4_TRIETHYL_PHOSPHATE  21.863     2.1  3.6242  0.2054  2.9428 0.06922  3.6302       0   0.0498.12e-05
266.  G4_TUNGSTEN_HEXAFLUORIDE  29.265   2.325  5.9881   0.302  4.2602 0.03658  3.5134       0   0.0550.0003544
267.      G4_URANIUM_DICARBIDE  60.969   1.703  6.0247 -0.2191  3.5208  0.2112  2.6577       0    0.120.000752
268.    G4_URANIUM_MONOCARBIDE  66.602    1.68   6.121 -0.2524  3.4941 0.22972  2.6169       0   0.1320.000862
269.          G4_URANIUM_OXIDE  60.332    1.76  5.9605 -0.1938  3.5292 0.20463  2.6711       0   0.0980.0007206
270.                   G4_UREA  24.194   2.022  3.2032  0.1603  2.6225 0.11609  3.3461       0    0.067.28e-05
271.                 G4_VALINE  23.622   2.024  3.1059  0.1441  2.6227 0.11386  3.3774       0   0.0566.77e-05
272.                  G4_VITON  26.948   2.227  3.5943  0.2106  2.7874 0.09965  3.4556       0    0.079.86e-05
273.                  G4_WATER  21.469   2.203  3.5017    0.24  2.8004 0.09116  3.4773       0   0.097 7.5e-05
274.            G4_WATER_VAPOR    0.59   2.175 10.5962  1.7952  4.3437 0.08101  3.5901       0   0.1217.16e-05
275.                 G4_XYLENE  19.866   1.882  3.2698  0.1695  2.5675 0.13216  3.3564       0   0.0516.18e-05
276.               G4_GRAPHITE  30.652    2.29   2.868 -0.0178  2.3415 0.26142  2.8697    0.12   0.038 7.8e-05
277.        G4_GRAPHITE_POROUS  26.555    2.49   3.155   0.048  2.5387 0.20762  2.9532    0.14   0.038 7.8e-05
======================================================================
