# Строка для совместимости
0.0;0.0;0.0;0.0;0.0
# 1 Hydrogen H 10
0.01;0.0;0.0;0.0;0.0
0.0136;-1231000.0;59000.0;-840.7;3.74
0.02;-11310.0;-368.2;95.16;-1.075
0.0457;213900.0;-33030.0;1765.0;-29.83
0.1;3.051;-7.818;11.44;0.06959
0.8;0.07636;-0.9406;6.144;1.425
4.0;0.00118;-0.08236;2.886;5.534
20.0;1.62e-05;-0.00561;1.214;17.61
100.0;1.034e-06;-0.0004114;0.6287;39.27
500.0;4.599e-07;0.0005006;-0.01425;196.0
# 2 Helium He 7
0.01;-2997.0;1050.0;-8.333;0.03107
0.15;18.57;-40.79;86.09;-2.618
0.8;1.606;-17.26;81.01;-4.928
4.0;0.003663;-0.3782;22.88;60.06
20.0;0.0005934;-0.1109;13.88;168.0
100.0;1.12e-05;-0.003894;6.136;435.4
500.0;4.921e-06;0.001493;4.725;712.8
# 3 Lithium Li 7
0.01;-241.8;35.3;-0.2699;0.000558
0.055;-147.4;157.8;203.6;-8.521
0.8;4.375;-50.94;305.3;-30.64
4.0;0.0404;-2.93;129.3;182.8
20.0;0.003139;-0.6107;73.42;685.2
100.0;4.823e-05;-0.01161;28.98;2129.0
500.0;2.128e-05;0.01951;10.09;7144.0
# 4 Beryllium Be 7
0.01;-278.5;125.2;-1.912;0.008371
0.111;-479.8;630.2;418.7;-27.83
0.8;10.37;-128.0;880.7;-164.6
4.0;0.1018;-8.264;415.8;436.6
20.0;0.005693;-1.595;264.4;1566.0
100.0;0.0002129;-0.07972;115.5;6065.0
500.0;7.797e-05;0.07695;33.96;24390.0
# 5 Boron B 7
0.01;-338.7;192.3;-2.742;0.01204
0.188;-994.3;1816.0;393.9;-17.55
0.8;3.689;-88.34;1525.0;-214.5
4.0;0.6447;-39.53;1281.0;176.8
20.0;0.001852;-1.356;525.2;5160.0
100.0;0.0004282;-0.1297;289.2;16010.0
500.0;0.0001965;0.1947;100.1;59020.0
# 6 Carbon C 10
0.01;0.0;0.0;0.0;0.0
0.0136;139000.0;-5808.0;82.69;-0.3935
0.02;-38290.0;3768.0;-90.82;0.6775
0.0457;-393.5;321.9;-6.549;0.2086
0.284;-902.2;1760.0;1549.0;-22.8
0.8;-7.363;-15.37;2672.0;-448.2
4.0;1.64;-94.28;2872.0;-558.3
20.0;-0.003742;-1.232;948.9;14060.0
100.0;0.000676;-0.1164;656.6;27390.0
500.0;0.0004503;0.4692;218.3;130800.0
# 7 Nitrogen N 8
0.01;10100.0;0.0;0.0;0.0
0.0404;-362.2;387.3;12.44;-0.4452
0.4016;-2338.0;5732.0;-208.2;148.2
0.8;-4.94;-84.42;4620.0;-1186.0
4.0;2.019;-124.9;4609.0;-942.1
20.0;0.01709;-8.196;2345.0;13690.0
100.0;0.001872;-0.6732;1282.0;57000.0
500.0;0.0008122;0.8364;441.0;235800.0
# 8 Oxygen O 8
0.01;9343.0;902.6;-24.67;0.1505
0.02;6034.0;731.9;-26.77;0.2842
0.0483;-286.3;408.5;44.36;-1.782
0.532;-71.81;474.8;5542.0;-1363.0
4.0;2.745;-174.7;7159.0;-2213.0
20.0;0.03774;-15.59;4045.0;18100.0
100.0;0.003169;-1.146;2194.0;91310.0
500.0;0.001367;1.473;721.4;404800.0
# 9 Fluorine F 7
0.01;11290.0;0.0;0.0;0.0
0.0724;-267.6;476.7;87.67;-4.504
0.687;-89.07;685.0;7217.0;-2022.0
4.0;2.813;-202.0;9903.0;-4454.0
20.0;0.06097;-24.35;6099.0;22580.0
100.0;0.004857;-1.805;3335.0;128500.0
500.0;0.002041;2.257;1084.0;599700.0
# 10 Neon Ne 8
0.01;15530.0;-101.1;-5.441;0.04873
0.045;934.7;2197.0;-128.2;2.253
0.124;-194.0;434.0;235.7;-16.66
0.867;-86.8;743.4;10770.0;-3822.0
4.0;3.167;-249.1;14390.0;-8187.0
20.0;0.1288;-44.71;9862.0;24970.0
100.0;0.005202;0.07337;4614.0;225600.0
500.0;0.003087;3.402;1569.0;1147000.0
# 11 Sodium Na 7
0.01;54.29;0.0;0.0;0.0
0.031;8874.0;0.0;0.0;0.0
0.063;-556.5;1088.0;106.2;-6.845
1.073;1.732;-185.3;17120.0;-8415.0
20.0;0.2726;-82.18;14750.0;9467.0
100.0;0.002083;4.548;5521.0;335800.0
500.0;0.004199;4.808;1793.0;1898000.0
# 12 Magnesium Mg 7
0.01;-557.4;86.87;-1.493;0.00866
0.051;-27260.0;9700.0;-692.1;14.45
0.123;-617.9;1379.0;232.1;-22.91
1.305;-0.6648;-108.4;22190.0;-12410.0
20.0;0.408;-120.5;21390.0;-114.3
100.0;0.008338;2.236;8819.0;428400.0
500.0;0.006233;7.344;2662.0;2460000.0
# 13 Aluminum Al 8
0.01;-16540.0;158.5;3.907;-0.03383
0.0159;1122.0;-40.15;0.6623;-0.002813
0.073;23900.0;-695.3;-79.78;1.974
0.1177;-528.4;1399.0;436.0;-47.47
1.56;-3.674;-16.22;27320.0;-17520.0
20.0;0.4158;-135.1;27160.0;372.3
100.0;0.01125;2.747;11740.0;569500.0
500.0;0.008505;10.49;4429.0;2413000.0
# 14 Silicon Si 7
0.01;457.5;0.0;0.0;0.0
0.0305;-116.8;126.9;-5.506;0.06616
0.099;-645.1;1836.0;535.0;-64.36
1.839;-4.056;-10.89;35440.0;-25950.0
20.0;0.4945;-168.2;36270.0;-16050.0
100.0;0.02716;-5.428;17750.0;676500.0
500.0;0.01127;13.76;4871.0;4477000.0
# 15 Phosphorus P 7
0.01;472.8;0.0;0.0;0.0
0.0306;-222.7;220.4;-11.22;0.1569
0.132;-570.0;1909.0;765.1;-112.3
2.144;-6.098;77.12;41960.0;-34370.0
20.0;0.571;-200.1;45050.0;-38530.0
100.0;0.03613;-8.426;22770.0;808000.0
500.0;0.01421;17.7;6221.0;5554000.0
# 16 Sulfer S 7
0.01;536.8;0.0;0.0;0.0
0.0341;-209.7;317.4;-18.15;0.2796
0.165;-488.5;1976.0;1206.0;-193.4
2.472;-10.21;234.6;51640.0;-47070.0
20.0;0.7467;-253.4;58000.0;-66910.0
100.0;0.06338;-34.43;40580.0;223300.0
500.0;0.01857;23.98;6706.0;8358000.0
# 17 Chlorine Cl 7
0.01;780.8;0.0;0.0;0.0
0.0436;-61.63;393.4;-25.63;0.4396
0.2;-214.7;1269.0;2099.0;-370.5
2.824;-11.92;325.3;59270.0;-59800.0
20.0;0.8789;-292.0;68600.0;-101800.0
100.0;0.06556;-21.75;38950.0;973700.0
500.0;0.02236;28.84;9717.0;9001000.0
# 18 Argon Ar 7
0.01;-82940.0;5720.0;-110.1;0.6668
0.04;-1401.0;957.7;-78.42;1.797
0.245;-224.4;1388.0;2571.0;-511.3
3.203;-14.46;435.9;65780.0;-72840.0
20.0;0.8786;-300.1;76820.0;-121900.0
100.0;0.06779;-26.95;50690.0;528100.0
500.0;0.02598;34.54;10590.0;10680000.0
# 19 Potassium K 7
0.01;3111.0;0.0;0.0;0.0
0.0305;61.62;577.0;-44.97;0.9218
0.294;-360.1;2287.0;2513.0;-459.1
3.607;-21.13;716.1;81830.0;-98590.0
20.0;1.048;-364.4;98440.0;-176000.0
100.0;0.104;-35.53;60960.0;1226000.0
500.0;0.03453;46.21;16690.0;12380000.0
# 20 Calcium Ca 7
0.01;3029.0;0.0;0.0;0.0
0.0305;381.6;588.7;-48.88;1.019
0.346;-105.4;1120.0;5115.0;-1325.0
4.037;-30.15;1141.0;94590.0;-119500.0
20.0;1.408;-455.3;120600.0;-253100.0
100.0;0.1204;-53.56;87790.0;625200.0
500.0;0.04178;57.61;13770.0;20190000.0
# 21 Scandium Sc 6
0.01;1121.0;7.413;-0.302;0.00151
0.032;297.0;635.9;-49.35;1.044
0.402;-150.7;1501.0;5139.0;-1442.0
4.491;0.4615;-261.4;121700.0;-205700.0
100.0;0.1509;-69.13;92530.0;1096000.0
500.0;0.04833;68.81;27620.0;12900000.0
# 22 Titanium Ti 6
0.01;3596.0;-68.77;0.9609;-0.004754
0.1;-313.2;1024.0;-100.8;3.096
0.456;-46.26;867.8;7308.0;-2383.0
4.966;0.2074;-229.2;137100.0;-248900.0
100.0;0.1972;-95.5;110600.0;1067000.0
500.0;0.05606;81.4;31060.0;15670000.0
# 23 Vanadium V 7
0.01;4117.0;-105.4;1.531;-0.007725
0.12;-405.2;1169.0;-121.2;4.148
0.513;9968.0;-1796.0;-1204.0;1481.0
0.628;-142.9;1632.0;7203.0;-2283.0
5.465;0.394;-273.3;156400.0;-318400.0
100.0;0.2007;-89.11;125400.0;1137000.0
500.0;0.06449;94.83;35840.0;18210000.0
# 24 Chromium Cr 6
0.01;5069.0;-79.68;0.8395;-0.004494
0.106;-440.4;1301.0;-116.6;3.481
0.575;39.32;153.7;12280.0;-4984.0
5.989;0.274;-266.5;181800.0;-399700.0
100.0;0.2727;-128.8;154300.0;975500.0
500.0;0.0766;114.2;42900.0;21610000.0
# 25 Manganese Mn 6
0.01;5692.0;-127.8;1.15;-0.003774
0.1;-490.1;1450.0;-136.5;4.134
0.64;-30.65;720.9;12750.0;-5462.0
6.539;0.293;-270.3;203400.0;-488600.0
100.0;0.294;-134.2;176100.0;874700.0
500.0;0.08736;132.2;49520.0;24360000.0
# 26 Iron Fe 7
0.01;-3328.0;259.0;-3.812;0.01679
0.024;4132.0;396.3;-25.05;0.3437
0.12;-26.83;1250.0;-73.21;1.137
0.708;-8.128;655.0;15110.0;-7079.0
7.112;0.2151;-268.0;234100.0;-606300.0
100.0;0.3511;-163.3;209000.0;713100.0
500.0;0.1026;157.2;59010.0;28060000.0
# 27 Cobalt Co 7
0.01;2074.0;0.0;0.0;0.0
0.0308;6932.0;-0.06765;-9.182;0.1413
0.093;-822.8;1982.0;-178.2;4.937
0.779;20.92;331.1;18200.0;-9303.0
7.709;0.04947;-247.8;258600.0;-718500.0
100.0;0.3588;-149.2;229600.0;885600.0
500.0;0.1154;179.6;67400.0;31000000.0
# 28 Nickel Ni 8
0.01;8515.0;-212.1;2.132;-0.007667
0.1;-1021.0;2388.0;-236.1;7.261
0.854;0.0;6600.0;0.0;0.0
0.871;0.0;9810.0;0.0;0.0
1.008;-117.5;2171.0;15140.0;-6042.0
8.332;0.01685;-252.2;300500.0;-900000.0
100.0;0.4681;-208.5;278200.0;439900.0
500.0;0.1364;214.8;80390.0;36260000.0
# 29 Cooper Cu 7
0.01;9992.0;-378.0;5.657;-0.02788
0.1;-889.6;2391.0;-198.6;3.649
0.933;-508.9;4139.0;7468.0;-698.1
1.096;-91.73;1862.0;17770.0;-8202.0
8.981;0.00744;-237.1;320200.0;-1028000.0
100.0;0.4729;-205.5;300000.0;218200.0
500.0;0.1472;234.5;86440.0;39900000.0
# 30 Zinc Zn 9
0.01;1479.0;0.0;0.0;0.0
0.0307;13250.0;-676.2;11.88;-0.06785
0.109;-1330.0;3104.0;-309.2;8.946
1.02;-28070.0;109100.0;-151100.0;78970.0
1.043;-3057.0;13850.0;378.0;-216.3
1.193;-80.18;1794.0;20950.0;-10700.0
9.659;-1.158;-38.71;349900.0;-1154000.0
100.0;0.482;-183.2;329600.0;680200.0
500.0;0.1669;269.6;100000.0;43820000.0
# 31 Gallium Ga 9
0.01;1479.0;0.0;0.0;0.0
0.0278;12110.0;-714.4;15.35;-0.103
0.076;-1199.0;3215.0;-359.4;11.52
1.116;-14570.0;63630.0;-101100.0;64160.0
1.142;3470.0;-8674.0;25480.0;-8411.0
1.298;-94.31;2078.0;21720.0;-11010.0
10.367;-1.253;-28.97;378300.0;-1357000.0
100.0;0.5591;-221.7;362500.0;339200.0
500.0;0.1949;237.1;176700.0;24000000.0
# 32 Germanium Ge 9
0.01;4941.0;0.0;0.0;0.0
0.0305;12690.0;-933.9;27.67;-0.1952
0.1;-1358.0;3695.0;-456.9;15.99
1.217;-7402.0;36360.0;-66700.0;53460.0
1.248;-340.0;3232.0;11630.0;-1089.0
1.413;-59.4;1646.0;26210.0;-15070.0
11.104;-2.025;128.3;406900.0;-1510000.0
100.0;0.6478;-260.3;404500.0;-51530.0
500.0;0.2155;260.9;207400.0;22200000.0
# 33 Arsenic As 9
0.01;2547.0;0.0;0.0;0.0
0.0371;24020.0;-3110.0;136.4;-1.877
0.1;-1536.0;4198.0;-549.7;19.2
1.323;-4525.0;24680.0;-51330.0;51020.0
1.359;-385.8;10130.0;3603.0;-765.7
1.529;-53.39;1649.0;29500.0;-18000.0
11.867;-1.655;85.88;450400.0;-1795000.0
100.0;0.788;-349.0;464100.0;-1258000.0
500.0;0.2393;290.6;236000.0;21450000.0
# 34 Selenium Se 9
0.01;1577.0;0.0;0.0;0.0
0.0371;18060.0;-2230.0;94.08;-1.263
0.114;-1610.0;4614.0;-639.2;22.52
1.434;-663.7;4194.0;-11040.0;28060.0
1.475;-426.5;9660.0;5343.0;-1174.0
1.652;-39.68;1459.0;33270.0;-22280.0
12.658;-3.461;440.1;469000.0;-1943000.0
100.0;0.8564;-372.3;502000.0;-1430000.0
500.0;0.259;323.7;254100.0;23210000.0
# 35 Bromine Br 10
0.01;2129.0;0.0;0.0;0.0
0.035;14510.0;-1941.0;87.44;-1.214
0.1;-3534.0;6788.0;-1134.0;51.65
0.5;-334.7;2195.0;1033.0;-283.9
1.551;146.1;-1050.0;3457.0;20000.0
1.597;-431.8;10070.0;6548.0;-1535.0
1.782;-40.33;1607.0;36810.0;-24780.0
13.474;-3.955;548.2;520200.0;-2262000.0
100.0;0.9718;-420.9;566200.0;-2099000.0
500.0;0.2907;365.3;290800.0;24170000.0
# 36 Krypton Kr 10
0.01;-6520.0;409.6;-2.238;-0.0224
0.0305;2024.0;-208.3;4.439;0.1056
0.097;764.8;5257.0;-996.0;46.86
0.3;-245.1;2199.0;1217.0;-312.0
1.675;361.1;-2974.0;13080.0;12680.0
1.727;-416.3;10170.0;7535.0;-1891.0
1.921;-0.9924;845.5;44460.0;-34900.0
14.323;-3.076;425.7;561300.0;-2587000.0
100.0;1.05;-443.5;611400.0;-3028000.0
500.0;0.3136;395.2;325200.0;22480000.0
# 37 Rubidium Rb 10
0.01;4606.0;0.0;0.0;0.0
0.0305;1441.0;-176.1;6.821;0.0447
0.111;-676.3;6772.0;-1372.0;70.35
0.3;-345.7;2591.0;1242.0;-348.1
1.805;352.4;-3194.0;16570.0;12240.0
1.863;-402.5;10670.0;8396.0;-2275.0
2.065;5.234;749.4;50330.0;-42760.0
15.2;-2.207;265.3;626900.0;-3163000.0
100.0;1.101;-428.0;666400.0;-3481000.0
500.0;0.3467;451.5;352500.0;27830000.0
# 38 Strontium Sr 10
0.01;4850.0;0.0;0.0;0.0
0.0307;785.4;-65.13;2.134;0.1138
0.133;-2484.0;8950.0;-2019.0;117.1
0.3;-320.9;2818.0;1344.0;-398.4
1.94;274.6;-2830.0;21490.0;7655.0
2.007;-418.1;10250.0;11590.0;-3199.0
2.216;-43.67;1966.0;48350.0;-37880.0
16.105;-0.5177;-25.46;694100.0;-3733000.0
100.0;1.296;-519.2;738400.0;-5043000.0
500.0;0.38;495.0;411100.0;19550000.0
# 39 Yttrium Y 10
0.01;38540.0;-1366.0;16.72;-0.06795
0.0232;2849.0;-282.8;15.29;-0.1723
0.1677;-6721.0;12900.0;-3111.0;198.5
0.8;358.5;-422.3;6620.0;-2706.0
2.079;-88.13;1184.0;21980.0;-1440.0
2.155;-414.1;10430.0;13850.0;-4020.0
2.373;-12.82;1204.0;60280.0;-57520.0
17.038;0.4265;-164.6;768400.0;-4421000.0
100.0;1.334;-491.7;806600.0;-5879000.0
500.0;0.4194;565.1;435300.0;29810000.0
# 40 Zirconium Zr 9
0.01;299.3;144.9;-3.012;0.01713
0.18;-7040.0;14340.0;-3926.0;288.7
0.5;-164.7;2296.0;3166.0;-1127.0
2.223;-216.4;3512.0;20530.0;-3382.0
2.307;-399.6;10640.0;15480.0;-4776.0
2.533;-30.11;1794.0;61530.0;-56990.0
17.998;-0.59;194.5;803100.0;-4579000.0
100.0;1.474;-553.0;890700.0;-7927000.0
500.0;0.4562;624.8;476000.0;32160000.0
# 41 Niobium Nb 10
0.01;3251.0;-68.44;1.575;-0.01094
0.0297;2754.0;-489.7;42.37;-0.8372
0.2083;-2018.0;8543.0;-1769.0;27.7
0.9;215.0;449.0;6409.0;-2429.0
2.37;-298.1;6188.0;17350.0;-4420.0
2.464;-392.3;11020.0;17510.0;-5733.0
2.698;-16.58;1435.0;70500.0;-70370.0
18.986;-2.292;551.6;855500.0;-5018000.0
100.0;1.599;-576.4;964300.0;-8517000.0
500.0;0.4986;722.4;491000.0;41040000.0
# 42 Molybdenum Mo 10
0.01;-3508.0;305.0;-4.62;0.01998
0.03;3053.0;-619.2;51.04;-0.9955
0.229;-7786.0;17220.0;-5215.0;399.2
0.8;-111.4;1895.0;5405.0;-2261.0
2.521;-302.7;7576.0;15700.0;-4795.0
2.625;-378.4;10990.0;19830.0;-6801.0
2.867;-18.4;1552.0;76350.0;-81810.0
20.0;-2.56;731.7;900500.0;-5349000.0
100.0;1.54;-483.4;1021000.0;-9300000.0
500.0;0.5359;766.2;524300.0;52000000.0
# 43 Technetium Tc 10
0.01;2680.0;0.0;0.0;0.0
0.068;-759.2;867.7;-134.6;6.198
0.253;-32690.0;41100.0;-13280.0;1384.0
0.425;-386.3;3458.0;3500.0;-1341.0
2.677;-287.1;7198.0;18670.0;-5767.0
2.793;-110.1;16350.0;3183.0;-1491.0
3.043;-29.36;1924.0;79550.0;-86690.0
21.044;0.5721;71.64;1004000.0;-6678000.0
100.0;1.769;-569.1;1097000.0;-10690000.0
500.0;0.5748;811.9;611300.0;36050000.0
# 44 Ruthenium Ru 10
0.01;2116.0;100.1;-2.614;0.01466
0.0716;194.7;727.0;-149.0;8.002
0.2794;-21410.0;28720.0;-8592.0;831.2
0.4606;-2.43;2793.0;5237.0;-2042.0
2.838;-283.1;7880.0;19130.0;-6518.0
2.967;-354.7;10930.0;25750.0;-9586.0
3.224;-13.11;1428.0;92370.0;-114800.0
22.117;0.01007;127.7;1086000.0;-7755000.0
100.0;1.633;-403.0;1144000.0;-9817000.0
500.0;0.6218;911.7;587300.0;66140000.0
# 45 Rhodium Rh 10
0.01;2535.0;132.9;-3.193;0.01648
0.072;-1037.0;1357.0;-241.2;12.12
0.307;1155.0;3456.0;852.9;-307.5
0.4962;-477.3;3678.0;5261.0;-2225.0
3.004;-266.5;7197.0;23900.0;-7946.0
3.146;-328.5;9342.0;34540.0;-12030.0
3.412;-25.32;2009.0;94470.0;-111500.0
23.22;-3.043;907.9;1126000.0;-8086000.0
100.0;1.87;-457.0;1251000.0;-11910000.0
500.0;0.6726;964.4;728100.0;44090000.0
# 46 Palladium Pd 10
0.01;10950.0;-255.2;1.914;-0.003916
0.07;2418.0;96.64;-105.0;9.047
0.335;-16050.0;31070.0;-12400.0;1658.0
0.5315;-470.5;3846.0;5959.0;-2639.0
3.174;-253.0;7129.0;26200.0;-9068.0
3.33;-322.5;10010.0;35500.0;-13540.0
3.605;16.42;460.3;118100.0;-173700.0
24.35;-2.888;871.4;1203000.0;-9306000.0
100.0;1.857;-366.2;1308000.0;-12190000.0
500.0;0.7151;1066.0;731800.0;60610000.0
# 47 Silver Ag 10
0.01;10540.0;-197.3;1.033;-0.0006574
0.086;-4089.0;3916.0;-800.5;48.41
0.367;-2951.0;6256.0;1909.0;-862.0
0.5714;-23.21;1892.0;9451.0;-4150.0
3.351;-254.7;7851.0;27330.0;-10380.0
3.524;-317.0;10450.0;38500.0;-15600.0
3.806;-1.817;1265.0;119200.0;-168400.0
25.514;-4.061;1339.0;1260000.0;-9752000.0
100.0;2.065;-444.4;1433000.0;-15330000.0
500.0;0.7734;1157.0;800600.0;62140000.0
# 48 Cadmium Cd 11
0.01;1876.0;0.0;0.0;0.0
0.03;8550.0;-278.5;2.021;0.01032
0.098;493.3;1167.0;-345.2;27.59
0.404;2088.0;3036.0;1247.0;-269.1
0.6165;7.508;2031.0;10140.0;-4621.0
3.537;-245.4;8162.0;28220.0;-11560.0
3.727;-267.7;8244.0;49350.0;-17910.0
4.018;-23.06;2129.0;116100.0;-154700.0
26.711;-8.206;2269.0;1268000.0;-9746000.0
100.0;2.254;-490.4;1506000.0;-16420000.0
500.0;0.8123;1229.0;868600.0;52930000.0
# 49 Indium I 11
0.01;1702.0;0.0;0.0;0.0
0.031;23330.0;-1510.0;34.98;-0.2775
0.103;-4354.0;4933.0;-1221.0;90.73
0.443;-2048.0;9964.0;-2857.0;722.3
0.702;-176.3;3053.0;9756.0;-4718.0
3.73;-232.4;7725.0;33330.0;-13610.0
3.938;-267.5;8828.0;52490.0;-20650.0
4.238;-21.49;2143.0;125600.0;-177500.0
27.94;-2.097;1045.0;1428000.0;-12160000.0
100.0;2.233;-352.6;1578000.0;-17470000.0
500.0;0.8685;1331.0;917100.0;62340000.0
# 50 Tin Sn 11
0.01;1857.0;0.0;0.0;0.0
0.0318;30710.0;-2069.0;48.86;-0.3894
0.093;61.19;1769.0;-528.7;44.38
0.485;2325.0;2905.0;1395.0;-116.0
0.714;-841.1;7174.0;3429.0;-1945.0
3.929;-207.8;6795.0;39530.0;-15460.0
4.156;-273.5;10060.0;51540.0;-23160.0
4.465;14.09;524.5;155400.0;-273800.0
29.2;-6.053;2152.0;1430000.0;-12180000.0
100.0;2.434;-444.1;1694000.0;-21160000.0
500.0;0.9156;1438.0;950600.0;69900000.0
# 51 Antimony Sb 11
0.01;707.6;0.0;0.0;0.0
0.0304;25380.0;-2014.0;55.18;-0.5093
0.096;-2763.0;3809.0;-918.7;64.04
0.528;4191.0;1201.0;613.8;805.7
0.766;95.66;1292.0;15340.0;-8151.0
4.132;-215.4;7884.0;38840.0;-17420.0
4.381;-241.3;8640.0;62670.0;-26290.0
4.698;-23.0;2351.0;141000.0;-213000.0
30.491;-9.816;3157.0;1443000.0;-11930000.0
100.0;2.47;-367.1;1779000.0;-22600000.0
500.0;0.9713;1520.0;1016000.0;74660000.0
# 52 Tellurium Te 11
0.01;941.6;0.0;0.0;0.0
0.0528;-58180.0;14700.0;-1039.0;22.57
0.106;-2734.0;3947.0;-998.5;73.13
0.572;-105800.0;291700.0;-249100.0;71240.0
1.006;-43.97;2059.0;15710.0;-9021.0
4.341;-194.6;7129.0;43990.0;-19390.0
4.612;-237.2;9166.0;63080.0;-29110.0
4.939;1.086;1149.0;164000.0;-295000.0
31.814;-3.401;1832.0;1571000.0;-14260000.0
100.0;2.389;-173.3;1798000.0;-22730000.0
500.0;1.007;1586.0;1076000.0;71540000.0
# 53 Iodine I 12
0.01;702.0;0.0;0.0;0.0
0.034;24100.0;-2114.0;63.24;-0.6266
0.103;-2554.0;4115.0;-1059.0;78.0
0.619;-45640.0;118100.0;-90500.0;24900.0
0.931;19400.0;-12680.0;-14430.0;16810.0
1.072;-1016.0;11500.0;-8332.0;10240.0
4.557;-183.3;6763.0;52010.0;-22400.0
4.852;-215.0;8275.0;75250.0;-32970.0
5.188;-25.66;2615.0;159500.0;-255700.0
33.17;-3.67;1872.0;1719000.0;-16460000.0
100.0;2.225;182.9;1881000.0;-21570000.0
500.0;1.098;1755.0;1154000.0;89710000.0
# 54 Xenon Xe 13
0.01;3405.0;-331.1;10.48;-0.07987
0.065;-41180.0;20240.0;-2136.0;64.9
0.1073;76220.0;-29830.0;3608.0;-122.2
0.18;-408.6;2713.0;-814.7;65.19
0.672;54940.0;-43160.0;-33530.0;31220.0
0.936;-24220.0;64540.0;-39140.0;8599.0
1.143;-660.6;7269.0;6119.0;-3383.0
4.782;-156.5;5749.0;59850.0;-23960.0
5.102;-223.6;9444.0;74630.0;-37420.0
5.445;-20.1;2400.0;172000.0;-297700.0
34.561;-1.622;1830.0;1780000.0;-17210000.0
100.0;2.082;362.5;1962000.0;-24480000.0
500.0;1.148;1892.0;1133000.0;124400000.0
# 55 Cesium Cs 11
0.01;681.3;0.0;0.0;0.0
0.0704;164200.0;-29220.0;1724.0;-33.61
0.111;-2400.0;4936.0;-1531.0;135.4
0.726;12950.0;-7423.0;-6620.0;9125.0
1.065;612.1;-1572.0;27120.0;-15630.0
5.012;-84.02;2872.0;76990.0;-18530.0
5.36;-225.4;10150.0;79400.0;-42840.0
5.713;-1.987;1400.0;204000.0;-416600.0
35.985;-4.238;2444.0;1873000.0;-18990000.0
100.0;2.278;404.4;2085000.0;-26350000.0
500.0;1.226;2030.0;1249000.0;116900000.0
# 56 Barium Ba 11
0.01;5765.0;0.0;0.0;0.0
0.0305;1759.0;-233.1;9.598;0.0396
0.09;-427.6;2995.0;-983.7;87.71
0.78;6154.0;1190.0;-285.8;1593.0
1.135;242.0;-403.3;31380.0;-23040.0
5.247;-108.4;4043.0;77180.0;-25320.0
5.623;-183.6;7952.0;95450.0;-45320.0
5.987;8.708;758.1;225800.0;-501100.0
37.441;-5.846;3162.0;1902000.0;-19480000.0
100.0;2.59;229.7;2236000.0;-31930000.0
500.0;1.281;2144.0;1303000.0;119300000.0
# 57 Lantanum La 12
0.01;4514.0;0.0;0.0;0.0
0.04;27410.0;-4218.0;211.7;-3.183
0.13;-1231.0;4053.0;-1329.0;120.3
0.832;2431.0;3780.0;2792.0;-216.7
1.124;-402.4;8837.0;2398.0;-415.4
1.204;-269.4;4549.0;19440.0;-12640.0
5.484;-90.85;3459.0;86390.0;-25580.0
5.891;-148.5;6357.0;112100.0;-46260.0
6.266;-6.527;1901.0;220900.0;-460200.0
38.925;-7.588;3685.0;1991000.0;-20540000.0
100.0;2.727;313.7;2356000.0;-33620000.0
500.0;1.365;2298.0;1393000.0;122000000.0
# 58 Cerium Ce 13
0.01;1542.0;0.0;0.0;0.0
0.053;24480.0;-5012.0;341.1;-7.413
0.11;-1622.0;4662.0;-1505.0;138.5
0.883;55510.0;-176900.0;202400.0;-71250.0
1.185;4656.0;6580.0;-3256.0;807.9
1.273;-282.8;10190.0;2005.0;-418.0
1.435;326.4;-744.0;36090.0;26850.0
5.723;-72.63;2822.0;96060.0;-24580.0
6.164;-169.5;7899.0;113900.0;-56440.0
6.549;19.39;379.9;266100.0;-658300.0
40.443;-10.29;4409.0;2101000.0;-22800000.0
100.0;2.723;491.6;2494000.0;-35950000.0
500.0;1.464;2444.0;1486000.0;137600000.0
# 59 Praseodymium Pr 13
0.01;3935.0;0.0;0.0;0.0
0.04;58.85;50.6;11.42;-0.2858
0.113;-2475.0;6072.0;-2077.0;209.9
0.931;-6489.0;24850.0;-10600.0;2589.0
1.242;-534.9;8049.0;5499.0;-931.3
1.337;-382.9;10030.0;3437.0;-720.2
1.505;115.8;1754.0;29780.0;-20810.0
5.964;-45.23;1773.0;107500.0;-18840.0
6.44;-140.1;6504.0;131500.0;-57580.0
6.835;8.492;866.4;281900.0;-725600.0
41.991;-9.126;4223.0;2290000.0;-27090000.0
100.0;3.207;342.4;2697000.0;-41230000.0
500.0;1.557;2710.0;1566000.0;138300000.0
# 60 Neodymium Nd 12
0.01;2269.0;0.0;0.0;0.0
0.0305;-1142.0;403.5;-17.26;0.2479
0.117;-413.8;3657.0;-1265.0;128.7
0.978;12410.0;-6608.0;-8545.0;11740.0
1.298;223.9;11990.0;-1181.0;285.5
1.575;-353.0;6609.0;16410.0;-7462.0
6.208;-66.44;2796.0;109800.0;-29240.0
6.722;-111.4;5206.0;145700.0;-55590.0
7.128;8.287;960.0;293500.0;-763700.0
43.569;-9.944;4886.0;2320000.0;-27020000.0
100.0;3.82;84.92;2868000.0;-47500000.0
500.0;1.633;2833.0;1759000.0;92950000.0
# 61 Promethium Pm 13
0.01;2285.0;0.0;0.0;0.0
0.0305;3175.0;-431.1;29.11;-0.5124
0.122;-710.8;4102.0;-1397.0;148.2
1.027;-554.6;7912.0;4958.0;-760.6
1.357;-515.7;8937.0;6066.0;-1148.0
1.471;-460.7;9760.0;6028.0;-1298.0
1.648;-191.2;5138.0;21200.0;-13450.0
6.459;-71.65;3169.0;116600.0;-34990.0
7.013;-258.9;8215.0;-110200.0;1824000.0
7.428;-42.51;4740.0;237700.0;-427900.0
45.184;0.09003;2739.0;2641000.0;-33360000.0
100.0;2.857;1090.0;2888000.0;-44320000.0
500.0;1.742;3069.0;1744000.0;171900000.0
# 62 Samarium Sm 11
0.01;1754.0;0.0;0.0;0.0
0.0305;1174.0;137.0;-4.815;0.03574
0.128;-1315.0;5218.0;-1900.0;218.1
1.078;-549.9;7881.0;5664.0;-895.2
1.419;-112.6;3912.0;32300.0;-27740.0
6.716;-35.8;1576.0;129000.0;-22010.0
7.312;-64.0;3084.0;175100.0;-45950.0
7.736;7.096;1071.0;326700.0;-919300.0
46.834;-10.82;5919.0;2475000.0;-29970000.0
100.0;3.844;407.7;3137000.0;-55760000.0
500.0;1.799;3181.0;1898000.0;126300000.0
# 63 Europium Eu 13
0.01;2047.0;0.0;0.0;0.0
0.0305;4276.0;-438.2;22.76;-0.3499
0.134;-467.8;4034.0;-1326.0;138.8
1.131;-550.7;7936.0;6518.0;-1058.0
1.481;-458.9;10190.0;5669.0;-1234.0
1.614;-491.3;8740.0;10160.0;-2142.0
1.8;-228.8;5934.0;21540.0;-13260.0
6.977;-24.66;1115.0;140000.0;-17680.0
7.618;-62.66;3143.0;187800.0;-50890.0
8.052;-4.306;2026.0;328000.0;-901200.0
48.519;-7.61;5488.0;2642000.0;-32870000.0
100.0;3.783;765.5;3245000.0;-57310000.0
500.0;1.904;3400.0;2020000.0;131500000.0
# 64 Gadolinium Gd 12
0.01;1620.0;0.0;0.0;0.0
0.0305;1627.0;83.2;-5.112;0.07828
0.14;-2404.0;7220.0;-2684.0;297.6
1.185;-539.4;7849.0;7295.0;-1216.0
1.544;-448.6;10290.0;6091.0;-1380.0
1.688;-467.9;9424.0;9571.0;-2201.0
1.881;-301.7;6938.0;19440.0;-11040.0
7.243;-57.68;2841.0;136600.0;-41310.0
7.93;-33.58;1701.0;202900.0;-33120.0
8.375;-8.668;2379.0;333100.0;-928500.0
50.239;3.209;1579.0;3144000.0;-48040000.0
500.0;1.966;3553.0;2103000.0;134500000.0
# 65 Terbium Tb 12
0.01;1879.0;0.0;0.0;0.0
0.0305;3021.0;-161.8;9.979;-0.1862
0.147;-1406.0;5621.0;-1912.0;207.5
1.24;-534.5;7632.0;8660.0;-1449.0
1.61;-498.8;9401.0;9226.0;-2000.0
1.765;-470.0;9391.0;11170.0;-2613.0
1.963;-190.2;5724.0;26150.0;-17820.0
7.514;-156.8;11160.0;87570.0;-76470.0
8.252;-45.33;2421.0;212600.0;-48590.0
8.708;-4.721;2127.0;364400.0;-1109000.0
51.996;3.903;1250.0;3405000.0;-56370000.0
500.0;2.077;3763.0;2261000.0;115500000.0
# 66 Dysprosium Dy 12
0.01;3294.0;0.0;0.0;0.0
0.0305;3167.0;-42.42;5.269;-0.1178
0.154;-1109.0;5234.0;-1650.0;169.4
1.295;-524.2;7751.0;9341.0;-1624.0
1.676;-463.5;10500.0;8066.0;-1930.0
1.842;-460.8;9448.0;12160.0;-2942.0
2.046;-107.7;4675.0;32530.0;-25190.0
7.79;-63.26;3407.0;149900.0;-55260.0
8.58;-72.62;4176.0;213000.0;-80260.0
9.046;-18.0;3374.0;352600.0;-998200.0
53.788;4.112;1344.0;3520000.0;-58670000.0
500.0;2.166;3928.0;2396000.0;100700000.0
# 67 Holmium Ho 12
0.01;1647.0;0.0;0.0;0.0
0.0426;2949.0;-54.73;-1.313;0.05447
0.161;-1961.0;6859.0;-2353.0;253.8
1.351;-522.1;8169.0;9852.0;-1807.0
1.743;-487.8;9589.0;11190.0;-2580.0
1.923;-454.9;9349.0;13780.0;-3393.0
2.13;-137.9;5032.0;34280.0;-27870.0
8.072;-49.39;2705.0;162800.0;-50560.0
8.918;-44.26;2555.0;234900.0;-59480.0
9.394;-2.988;2094.0;407200.0;-1335000.0
55.618;5.131;502.3;4000000.0;-79740000.0
500.0;2.274;4258.0;2387000.0;145000000.0
# 68 Erbium Er 12
0.01;2419.0;0.0;0.0;0.0
0.0322;3178.0;-89.4;5.741;-0.1173
0.169;-1598.0;6371.0;-2015.0;195.1
1.409;-514.8;8464.0;10380.0;-1998.0
1.812;-478.1;8546.0;14630.0;-3195.0
2.006;-447.0;9490.0;14890.0;-3799.0
2.217;-227.9;6501.0;30830.0;-23630.0
8.358;-51.62;2947.0;171000.0;-58280.0
9.264;-53.6;3254.0;244900.0;-78210.0
9.752;6.456;1211.0;458300.0;-1684000.0
57.486;4.025;2031.0;3795000.0;-66510000.0
500.0;2.386;4497.0;2558000.0;140300000.0
# 69 Thulium Tm 10
0.01;1729.0;0.0;0.0;0.0
0.031;5004.0;-338.3;13.58;-0.1932
0.18;-1721.0;6821.0;-2191.0;216.2
1.468;-507.4;8420.0;11610.0;-2277.0
1.881;450.4;-4717.0;94210.0;-110400.0
8.648;-51.89;3077.0;180800.0;-64990.0
9.617;-53.11;3348.0;259800.0;-86570.0
10.116;-3.887;2132.0;463700.0;-1723000.0
59.39;4.124;2299.0;3956000.0;-70430000.0
500.0;2.512;4774.0;2690000.0;145400000.0
# 70 Ytterbium Yb 10
0.01;2440.0;0.0;0.0;0.0
0.075;5923.0;-523.5;24.5;-0.3644
0.185;-1402.0;6524.0;-1996.0;184.9
1.528;-464.9;10460.0;8110.0;-1884.0
1.95;307.7;-2145.0;83740.0;-95040.0
8.943;-53.28;3291.0;186900.0;-73320.0
9.978;-73.11;4929.0;260200.0;-123900.0
10.489;-24.34;4269.0;424300.0;-1379000.0
61.332;4.575;2312.0;4086000.0;-75620000.0
500.0;2.606;4980.0;2895000.0;99230000.0
# 71 Lutetium Lu 10
0.01;2123.0;0.0;0.0;0.0
0.09;8368.0;-1105.0;59.71;-0.9746
0.195;-1536.0;7063.0;-2291.0;225.0
1.588;-493.6;9095.0;12550.0;-2717.0
2.024;230.4;-1379.0;85940.0;-101200.0
9.245;-52.13;3333.0;197400.0;-79770.0
10.349;-53.33;3627.0;285800.0;-107100.0
10.874;3.726;1486.0;535200.0;-2222000.0
63.316;5.266;2137.0;4329000.0;-83270000.0
500.0;2.736;5209.0;3153000.0;52390000.0
# 72 Hafnium Hf 10
0.01;5463.0;-221.2;3.566;-0.01819
0.0512;9488.0;-1416.0;80.76;-1.382
0.213;-1796.0;7903.0;-2748.0;293.2
1.662;-483.5;9549.0;12840.0;-2957.0
2.108;348.0;-3031.0;97620.0;-120300.0
9.56;-60.9;4112.0;201500.0;-99340.0
10.739;-73.86;5387.0;285900.0;-153600.0
11.272;-18.73;4102.0;469800.0;-1572000.0
65.345;4.753;2673.0;4462000.0;-89600000.0
500.0;2.845;5554.0;3013000.0;153500000.0
# 73 Tantalum Ta 11
0.01;-9358.0;438.2;-5.661;0.02301
0.0233;35370.0;-2591.0;65.85;-0.5643
0.0428;9080.0;-1376.0;83.54;-1.487
0.229;-1944.0;8490.0;-3040.0;333.0
1.735;-477.1;10030.0;13380.0;-3254.0
2.194;104.7;652.4;83800.0;-102500.0
9.88;-55.21;3828.0;214500.0;-101900.0
11.136;-49.87;3641.0;316000.0;-125000.0
11.68;-2.176;2172.0;570800.0;-2482000.0
67.416;5.194;2794.0;4645000.0;-96480000.0
500.0;2.973;5785.0;3320000.0;96080000.0
# 74 Tungsten W 11
0.01;-2084.0;183.4;-2.686;0.01131
0.031;-13980.0;2451.0;-105.7;1.381
0.0493;9985.0;-1816.0;130.1;-2.747
0.245;-1825.0;8623.0;-3114.0;343.2
1.809;-466.6;10570.0;13550.0;-3503.0
2.281;141.2;276.2;89400.0;-112900.0
10.204;-62.06;4525.0;219400.0;-122300.0
11.541;-121.1;10580.0;270100.0;-255600.0
12.098;-21.05;4623.0;510900.0;-1835000.0
69.525;5.276;2999.0;4828000.0;-103000000.0
500.0;3.099;6112.0;3348000.0;131000000.0
# 75 Rhenium Re 10
0.01;-5759.0;401.9;-6.479;0.03113
0.0384;12350.0;-2571.0;187.9;-4.072
0.26;-1846.0;9196.0;-3553.0;426.1
1.883;-443.8;11480.0;12530.0;-3520.0
2.368;196.1;-358.5;95500.0;-118000.0
10.534;-57.21;4284.0;233100.0;-127000.0
11.957;-119.2;10810.0;282800.0;-278800.0
12.528;-8.548;3122.0;597200.0;-2571000.0
71.676;4.901;3621.0;4969000.0;-108500000.0
500.0;3.238;6600.0;3237000.0;220400000.0
# 76 Osmium Os 10
0.01;518.9;108.5;-2.362;0.01285
0.0464;9943.0;-1964.0;149.9;-3.533
0.272;-1915.0;9625.0;-3819.0;464.1
1.96;-431.2;11740.0;12980.0;-3813.0
2.457;-76.2;3809.0;81890.0;-109000.0
10.871;-59.46;4643.0;240100.0;-143400.0
12.385;-111.6;10350.0;301200.0;-296100.0
12.969;-18.03;4548.0;570000.0;-2246000.0
73.871;5.735;3318.0;5232000.0;-120900000.0
500.0;3.351;6829.0;3509000.0;160700000.0
# 77 Iridium Ir 10
0.01;-94.41;128.4;-2.563;0.01347
0.048;9926.0;-2049.0;163.0;-4.025
0.295;-2391.0;10870.0;-4456.0;561.2
2.04;-437.1;11500.0;15390.0;-4560.0
2.551;154.0;-716.0;114700.0;-167300.0
11.215;-51.53;4097.0;258200.0;-141900.0
12.824;-136.6;14560.0;270700.0;-346100.0
13.419;-19.95;4906.0;606400.0;-2648000.0
76.111;6.213;3458.0;5442000.0;-128600000.0
500.0;3.505;7126.0;3805000.0;111400000.0
# 78 Platinum Pt 11
0.01;12200.0;-376.8;4.167;-0.01564
0.0226;13960.0;-1184.0;36.5;-0.3548
0.0735;11720.0;-2752.0;221.2;-4.579
0.313;-2373.0;11290.0;-4739.0;616.6
2.122;-433.3;11470.0;17100.0;-5181.0
2.645;-77.55;2847.0;104700.0;-159900.0
11.564;-67.19;5737.0;256500.0;-188000.0
13.273;-139.9;16050.0;267100.0;-374200.0
13.88;10.76;961.7;777600.0;-4207000.0
78.395;6.088;4001.0;5552000.0;-130000000.0
500.0;3.646;7453.0;3931000.0;122600000.0
# 79 Gold Au 10
0.01;4105.0;24.1;-1.837;0.01252
0.07;15810.0;-4931.0;519.7;-16.22
0.334;-2231.0;11420.0;-4781.0;601.2
2.206;-420.3;12120.0;16900.0;-5448.0
2.743;144.3;-409.6;124900.0;-194400.0
11.919;-81.94;7574.0;250600.0;-231800.0
13.734;-113.4;11940.0;335500.0;-392100.0
14.353;-3.392;3070.0;724700.0;-3499000.0
80.725;7.917;2918.0;6095000.0;-159600000.0
500.0;3.811;7846.0;4248000.0;45710000.0
# 80 Mercury Hg 10
0.01;5142.0;0.0;0.0;0.0
0.09;17800.0;-5970.0;676.5;-21.76
0.36;-2317.0;12060.0;-5219.0;700.4
2.295;-396.1;12860.0;15820.0;-5482.0
2.847;224.1;-2195.0;142900.0;-232500.0
12.283;-75.33;7084.0;267500.0;-241200.0
14.209;-128.8;15240.0;309000.0;-439700.0
14.842;0.4681;2405.0;795800.0;-4232000.0
83.102;6.983;4309.0;5980000.0;-151800000.0
500.0;3.946;8311.0;4256000.0;89420000.0
# 81 Thallium Tl 11
0.01;1823.0;0.0;0.0;0.0
0.0313;-10100.0;1911.0;-77.21;0.9111
0.0985;14880.0;-4878.0;553.6;-19.23
0.386;-2399.0;12710.0;-5745.0;787.3
2.389;-408.7;11560.0;21690.0;-7188.0
2.956;155.1;-904.0;140400.0;-231400.0
12.656;-66.47;6324.0;287100.0;-243900.0
14.697;-140.5;21370.0;234000.0;-429000.0
15.346;-10.53;4195.0;754300.0;-3747000.0
85.53;7.684;4048.0;6314000.0;-171400000.0
500.0;4.082;8543.0;4521000.0;51780000.0
# 82 Lead Pb 11
0.01;1569.0;0.0;0.0;0.0
0.0311;-9651.0;1870.0;-77.61;0.9425
0.095;16090.0;-5855.0;714.9;-26.72
0.413;-2194.0;12390.0;-5418.0;679.4
2.484;-401.6;11730.0;23160.0;-7955.0
3.066;67.49;678.9;140100.0;-243700.0
13.035;-71.25;7126.0;293100.0;-277900.0
15.2;-136.3;19920.0;272100.0;-488700.0
15.861;-8.206;4058.0;795000.0;-4115000.0
88.004;7.595;4692.0;6429000.0;-174700000.0
500.0;4.24;8883.0;4754000.0;34480000.0
# 83 Bismuth Bi 13
0.01;-439.5;11.85;0.2207;-0.001865
0.024;4586.0;-105.2;-2.706;0.07877
0.026;11180.0;-315.9;-9.25;0.2918
0.0379;-15780.0;3450.0;-174.1;2.596
0.1136;21240.0;-8884.0;1240.0;-53.12
0.362;-1835.0;11880.0;-5123.0;622.9
2.581;-394.3;11290.0;26710.0;-9164.0
3.177;240.2;-2657.0;163700.0;-286700.0
13.42;-68.24;7005.0;308900.0;-295100.0
15.714;-133.7;19990.0;290300.0;-534200.0
16.391;-1.411;3094.0;890100.0;-5203000.0
90.526;9.935;3289.0;6983000.0;-202000000.0
500.0;4.425;9396.0;5008000.0;-52800000.0
# 84 Polonium Po 11
0.01;1109.0;0.0;0.0;0.0
0.0305;19390.0;-1380.0;35.26;-0.3106
0.07;9152.0;-3829.0;553.5;-21.06
0.2415;-1131.0;10410.0;-4126.0;423.5
2.683;-389.9;11340.0;29630.0;-10380.0
3.302;491.8;-10530.0;238300.0;-464700.0
13.814;-74.71;8106.0;314300.0;-339700.0
16.244;-133.5;21990.0;278600.0;-556900.0
16.936;7.789;1767.0;1003000.0;-6443000.0
93.105;8.525;5102.0;6990000.0;-200900000.0
500.0;4.633;9868.0;5142000.0;17750000.0
# 85 Astatine At 11
0.01;522.4;0.0;0.0;0.0
0.0305;27440.0;-2310.0;66.58;-0.6458
0.072;6422.0;-2954.0;493.3;-20.19
0.244;-1933.0;13030.0;-5806.0;687.0
2.787;-388.9;11710.0;31950.0;-11600.0
3.426;312.9;-6378.0;215800.0;-407300.0
14.214;-68.8;7565.0;341100.0;-354700.0
16.785;-128.0;19410.0;350800.0;-655600.0
17.491;-1.695;3621.0;966300.0;-5746000.0
95.73;9.913;4822.0;7370000.0;-216300000.0
500.0;4.871;10620.0;5352000.0;-27020000.0
# 86 Radon Rn 11
0.01;1284.0;0.0;0.0;0.0
0.0466;-791.2;2111.0;-170.9;3.589
0.093;12430.0;-6150.0;1021.0;-46.44
0.305;-1804.0;12790.0;-5624.0;622.8
2.892;-361.6;10880.0;34230.0;-12480.0
3.538;169.1;-2424.0;195400.0;-400800.0
14.619;-67.56;7739.0;336300.0;-374800.0
17.337;-122.0;19760.0;333500.0;-665700.0
18.055;-0.5899;3312.0;983300.0;-6258000.0
98.404;8.633;5888.0;7122000.0;-212000000.0
500.0;4.841;10570.0;5286000.0;10220000.0
# 87 Francium Fr 11
0.01;1287.0;0.0;0.0;0.0
0.0494;-9129.0;3064.0;-184.0;2.869
0.196;12170.0;-1865.0;-1031.0;198.0
0.525;-2201.0;14610.0;-7082.0;913.2
3.0;-361.5;11500.0;35410.0;-13630.0
3.664;-576.9;16600.0;55260.0;-70440.0
15.03;-62.36;7249.0;361200.0;-389300.0
17.904;-121.3;20520.0;345500.0;-719500.0
18.639;-8.453;4660.0;975700.0;-6010000.0
101.137;11.04;4630.0;7706000.0;-244500000.0
500.0;5.063;11150.0;5666000.0;-108200000.0
# 88 Radium Ra 11
0.01;1415.0;0.0;0.0;0.0
0.0579;-30030.0;8875.0;-679.8;15.71
0.15;29410.0;-17860.0;3591.0;-224.2
0.396;-1852.0;13610.0;-6123.0;629.4
3.109;-354.7;11640.0;37530.0;-14920.0
3.791;293.3;-6829.0;252800.0;-556500.0
15.446;-60.85;7287.0;376200.0;-416100.0
18.484;-119.2;21190.0;350000.0;-764400.0
19.237;-10.24;5310.0;975600.0;-5773000.0
103.922;12.41;3727.0;8307000.0;-283300000.0
500.0;5.221;11680.0;5739000.0;-90460000.0
# 89 Actinium Ac 11
0.01;1258.0;0.0;0.0;0.0
0.0712;-2747.0;397.5;194.1;-14.39
0.216;19580.0;-9878.0;1388.0;-17.78
0.375;-2098.0;15060.0;-7581.0;982.5
3.219;-347.4;11530.0;41130.0;-16570.0
3.909;578.9;-15070.0;332800.0;-771800.0
15.87;-63.39;7915.0;388400.0;-463700.0
19.083;-118.2;21940.0;362100.0;-824400.0
19.845;8.142;2287.0;1185000.0;-8493000.0
106.759;10.03;6690.0;7961000.0;-254500000.0
500.0;5.479;12170.0;5897000.0;-22870000.0
# 90 Thorium Th 10
0.01;1134.0;0.0;0.0;0.0
0.0879;13980.0;-6113.0;857.2;-29.63
0.676;-1466.0;13490.0;-6743.0;1013.0
3.332;-330.8;10940.0;45170.0;-18120.0
4.046;226.5;-3796.0;242400.0;-552600.0
16.3;-59.98;7669.0;403900.0;-484300.0
19.693;-115.2;22290.0;369400.0;-874300.0
20.466;-19.65;7238.0;991600.0;-5869000.0
109.651;11.5;6085.0;8292000.0;-275800000.0
500.0;5.62;12450.0;6338000.0;-154900000.0
# 91 Protactinium Pa 10
0.01;2194.0;0.0;0.0;0.0
0.094;8794.0;-2841.0;203.8;13.7
0.371;-2042.0;15810.0;-8451.0;1211.0
3.442;-324.0;10780.0;50220.0;-20150.0
4.174;1921.0;-52670.0;657300.0;-1562000.0
16.733;-64.36;8617.0;418000.0;-549500.0
20.314;-112.9;21380.0;423100.0;-987500.0
21.105;15.26;1356.0;1351000.0;-10820000.0
112.601;12.54;5894.0;8877000.0;-312000000.0
500.0;5.918;13060.0;6683000.0;-177800000.0
# 92 Uranium U 11
0.01;4400.0;-156.4;2.241;-0.01062
0.0171;-2175.0;432.7;-11.64;0.08742
0.0963;15280.0;-7106.0;1060.0;-40.36
0.617;-1807.0;14830.0;-7405.0;842.6
3.552;-314.8;10940.0;50410.0;-21210.0
4.304;-110.0;4889.0;190800.0;-481000.0
17.17;-67.2;9489.0;410700.0;-600000.0
20.948;-103.3;18640.0;487800.0;-1076000.0
21.759;0.6281;3792.0;1281000.0;-10030000.0
115.606;11.46;7568.0;8699000.0;-310600000.0
500.0;6.017;13270.0;7079000.0;-245600000.0
# 93 Neptunium Np 10
0.01;2522.0;0.0;0.0;0.0
0.1013;16680.0;-8606.0;1441.0;-64.01
0.431;-2561.0;18580.0;-11010.0;1791.0
3.664;-323.2;12000.0;50960.0;-23020.0
4.435;-44.67;2778.0;220400.0;-525700.0
17.613;-63.55;9093.0;443900.0;-634100.0
21.6;-110.3;25010.0;384100.0;-1044000.0
22.427;5.579;3489.0;1354000.0;-10780000.0
118.67;12.72;7422.0;9191000.0;-333600000.0
500.0;6.33;13920.0;7484000.0;-306400000.0
# 94 Plutonium Pu 11
0.01;3508.0;0.0;0.0;0.0
0.0306;-2939.0;822.4;-35.76;0.5087
0.1054;12700.0;-6607.0;1093.0;-36.74
0.405;-2063.0;17600.0;-10570.0;1695.0
3.778;-318.1;12450.0;50960.0;-24270.0
4.556;392.5;-10220.0;351500.0;-930900.0
18.063;-63.67;9444.0;453900.0;-682400.0
22.27;-106.5;22990.0;446100.0;-1181000.0
23.109;-12.48;6703.0;1250000.0;-9411000.0
121.797;17.81;3158.0;10750000.0;-469300000.0
500.0;6.49;14220.0;8179000.0;-534000000.0
# 95 Americium Am 11
0.01;960.0;0.0;0.0;0.0
0.103;3669.0;-1927.0;355.6;-17.75
0.498;-88060.0;182400.0;-111900.0;21500.0
0.828;-878.6;10630.0;-555.3;-1750.0
3.887;-318.8;13250.0;51270.0;-25860.0
4.667;323.2;-9027.0;358400.0;-993100.0
18.519;-62.01;9427.0;477800.0;-728100.0
22.958;-91.99;17160.0;610100.0;-1350000.0
23.812;-3.73;5425.0;1376000.0;-11090000.0
124.99;19.66;2217.0;11540000.0;-529800000.0
500.0;6.763;14790.0;8647000.0;-611600000.0
# 96 Curium Cm 11
0.01;1000.0;0.0;0.0;0.0
0.1;3148.0;-1605.0;295.4;-14.11
0.498;-79790.0;171600.0;-107900.0;21180.0
0.853;-813.9;10400.0;454.7;-2530.0
3.971;-314.4;13780.0;51600.0;-27330.0
4.797;-291.2;11170.0;167900.0;-446900.0
18.982;-58.79;9126.0;498100.0;-759700.0
23.663;-101.0;22120.0;519300.0;-1402000.0
24.535;-11.47;7190.0;1327000.0;-10160000.0
128.253;22.0;1083.0;12080000.0;-568400000.0
500.0;7.017;14930.0;9471000.0;-852700000.0
# 97 Berkelium Bk 11
0.01;1100.0;0.0;0.0;0.0
0.1;3725.0;-1998.0;372.8;-17.83
0.531;-134800.0;286700.0;-186500.0;38530.0
0.877;-1092.0;12570.0;-3090.0;-686.1
4.132;-310.8;13960.0;54520.0;-29640.0
4.977;-85.36;5200.0;227800.0;-606700.0
19.452;-60.35;9752.0;509500.0;-829900.0
24.385;-101.8;25380.0;468100.0;-1412000.0
25.275;-13.08;7916.0;1354000.0;-10490000.0
131.59;23.74;175.0;12850000.0;-635200000.0
500.0;7.219;15920.0;9491000.0;-828300000.0
# 98 Californium Cf 11
0.01;1220.0;0.0;0.0;0.0
0.1;3846.0;-2092.0;385.4;-17.58
0.548;-53780.0;138000.0;-98980.0;21850.0
0.902;-935.5;11680.0;-466.3;-2379.0
4.254;-304.4;13610.0;60130.0;-32730.0
5.109;345.0;-10570.0;417000.0;-1248000.0
19.929;-57.97;9571.0;535200.0;-875500.0
25.125;-91.48;19420.0;649000.0;-1673000.0
26.03;-54.16;17060.0;863000.0;-1792000.0
135.005;27.71;-2903.0;14190000.0;-745600000.0
500.0;7.544;15890.0;10520000.0;-1089000000.0
# 99 Einsteinium Es 12
0.01;1330.0;0.0;0.0;0.0
0.927;-893.6;11450.0;1094.0;-3692.0
4.378;-215.2;7720.0;53720.0;-22760.0
4.63;-291.4;12680.0;68280.0;-36200.0
5.259;-256.8;13410.0;86850.0;-53870.0
6.574;-210.4;11550.0;110700.0;-72790.0
6.977;108.8;1536.0;245800.0;-600500.0
20.414;-56.91;9660.0;555600.0;-932000.0
26.02;-91.67;20500.0;652000.0;-1784000.0
26.9;0.9687;5331.0;1646000.0;-15180000.0
139.49;33.15;-7298.0;15870000.0;-886600000.0
500.0;7.728;16750.0;10900000.0;-1231000000.0
